21
91
74
75
51
54
23
57
1
90
99
72
24
47
79
83
76
48
0
18
37
3
90
1
9
3
97
49
27
50
22
71
59
28
50
15
66
82
29
51
25
83
36
6
16
13
4
48
96
8
27
0
98
41
6
69
84
58
34
30
31
35
61
81
99
44
29
75
62
92
43
66
3
82
86
0
87
40
43
56
0
31
20
35
58
81
33
33
63
42
91
41
51
57
16
47
67
30
17
29
67
30
75
87
68
55
1
65
89
43
95
1
74
4
60
46
38
90
86
63
14
24
22
53
67
68
67
53
61
3
41
78
82
6
43
12
38
17
78
78
69
41
65
65
STOP
51
89
50
45
27
